S	K	V	R	H	A
0	0	0	0	0	0
0	0	0	0	1	0
0	0	0	1	0	0
0	0	0	1	1	0
0	0	1	0	0	0
0	0	1	0	1	0
0	0	1	1	0	0
0	0	1	1	1	0
0	1	0	0	0	0
0	1	0	0	1	0
0	1	0	1	0	0
0	1	0	1	1	0
0	1	1	0	0	0
0	1	1	0	1	0
0	1	1	1	0	0
0	1	1	1	1	0
1	0	0	0	0	0
1	0	0	0	1	0
1	0	0	1	0	0
1	0	0	1	1	0
1	0	1	0	0	0
1	0	1	0	1	0
1	0	1	1	0	0
1	0	1	1	1	0
1	1	0	0	0	0
1	1	0	0	1	0
1	1	0	1	0	1
1	1	0	1	1	0
1	1	1	0	0	1
1	1	1	0	1	0
1	1	1	1	0	1
1	1	1	1	1	0
--------------------

Ein Computer soll angeschaltet werden (a). Hierbei ist wichtig zu beachten, dass der Knopf (k) gedrückt werden muss und zusammen das Netzteil angeschaltet (n) sein muss, die CPU (c) funktioniert, das Mainboard geht (m), kein Stromausfall (s) da ist und die Festplatte funktioniert (f). Das Betriebssystem (b) ist optional installiert.
K = Knopf gedrückt = 1
N = Netzteil an = 1
C = CPU funktioniert =1 
B = Betriebssystem installiert = 1
M= Mainboard funktioniert = 1
S = Stromausfall = 0
F = Festplatte Funktioniert = 1
A = ( K ˄ N ˄C ˄ B˄ M˄F) ˄ ¬S

K	N	C	B	M	F	S	A
0	0	0	0	0	0	0	0
0	0	0	0	0	0	1	0
0	0	0	0	0	1	0	0
0	0	0	0	0	1	1	0
0	0	0	0	1	0	0	0
0	0	0	0	1	0	1	0
0	0	0	0	1	1	0	0
0	0	0	0	1	1	1	0
0	0	0	1	0	0	0	0
0	0	0	1	0	0	1	0
0	0	0	1	0	1	0	0
0	0	0	1	0	1	1	0
0	0	0	1	1	0	0	0
0	0	0	1	1	0	1	0
0	0	0	1	1	1	0	0
0	0	0	1	1	1	1	0
0	0	1	0	0	0	0	0
0	0	1	0	0	0	1	0
0	0	1	0	0	1	0	0
0	0	1	0	0	1	1	0
0	0	1	0	1	0	0	0
0	0	1	0	1	0	1	0
0	0	1	0	1	1	0	0
0	0	1	0	1	1	1	0
0	0	1	1	0	0	0	0
0	0	1	1	0	0	1	0
0	0	1	1	0	1	0	0
0	0	1	1	0	1	1	0
0	0	1	1	1	0	0	0
0	0	1	1	1	0	1	0
0	0	1	1	1	1	0	0
0	0	1	1	1	1	1	0
0	1	0	0	0	0	0	0
0	1	0	0	0	0	1	0
0	1	0	0	0	1	0	0
0	1	0	0	0	1	1	0
0	1	0	0	1	0	0	0
0	1	0	0	1	0	1	0
0	1	0	0	1	1	0	0
0	1	0	0	1	1	1	0
0	1	0	1	0	0	0	0
0	1	0	1	0	0	1	0
0	1	0	1	0	1	0	0
0	1	0	1	0	1	1	0
0	1	0	1	1	0	0	0
0	1	0	1	1	0	1	0
0	1	0	1	1	1	0	0
0	1	0	1	1	1	1	0
0	1	1	0	0	0	0	0
0	1	1	0	0	0	1	0
0	1	1	0	0	1	0	0
0	1	1	0	0	1	1	0
0	1	1	0	1	0	0	0
0	1	1	0	1	0	1	0
0	1	1	0	1	1	0	0
0	1	1	0	1	1	1	0
0	1	1	1	0	0	0	0
0	1	1	1	0	0	1	0
0	1	1	1	0	1	0	0
0	1	1	1	0	1	1	0
0	1	1	1	1	0	0	0
0	1	1	1	1	0	1	0
0	1	1	1	1	1	0	0
0	1	1	1	1	1	1	0
1	0	0	0	0	0	0	0
1	0	0	0	0	0	1	0
1	0	0	0	0	1	0	0
1	0	0	0	0	1	1	0
1	0	0	0	1	0	0	0
1	0	0	0	1	0	1	0
1	0	0	0	1	1	0	0
1	0	0	0	1	1	1	0
1	0	0	1	0	0	0	0
1	0	0	1	0	0	1	0
1	0	0	1	0	1	0	0
1	0	0	1	0	1	1	0
1	0	0	1	1	0	0	0
1	0	0	1	1	0	1	0
1	0	0	1	1	1	0	0
1	0	0	1	1	1	1	0
1	0	1	0	0	0	0	0
1	0	1	0	0	0	1	0
1	0	1	0	0	1	0	0
1	0	1	0	0	1	1	0
1	0	1	0	1	0	0	0
1	0	1	0	1	0	1	0
1	0	1	0	1	1	0	0
1	0	1	0	1	1	1	0
1	0	1	1	0	0	0	0
1	0	1	1	0	0	1	0
1	0	1	1	0	1	0	0
1	0	1	1	0	1	1	0
1	0	1	1	1	0	0	0
1	0	1	1	1	0	1	0
1	0	1	1	1	1	0	0
1	0	1	1	1	1	1	0
1	1	0	0	0	0	0	0
1	1	0	0	0	0	1	0
1	1	0	0	0	1	0	0
1	1	0	0	0	1	1	0
1	1	0	0	1	0	0	0
1	1	0	0	1	0	1	0
1	1	0	0	1	1	0	0
1	1	0	0	1	1	1	0
1	1	0	1	0	0	0	0
1	1	0	1	0	0	1	0
1	1	0	1	0	1	0	0
1	1	0	1	0	1	1	0
1	1	0	1	1	0	0	0
1	1	0	1	1	0	1	0
1	1	0	1	1	1	0	0
1	1	0	1	1	1	1	0
1	1	1	0	0	0	0	0
1	1	1	0	0	0	1	0
1	1	1	0	0	1	0	0
1	1	1	0	0	1	1	0
1	1	1	0	1	0	0	0
1	1	1	0	1	0	1	0
1	1	1	0	1	1	0	0
1	1	1	0	1	1	1	0
1	1	1	1	0	0	0	0
1	1	1	1	0	0	1	0
1	1	1	1	0	1	0	0
1	1	1	1	0	1	1	0
1	1	1	1	1	0	0	0
1	1	1	1	1	0	1	0
1	1	1	1	1	1	0	1
1	1	1	1	1	1	1	0



K = Knopf gedrückt = 1
N = Netzteil an = 1
C = CPU funktioniert =1 
B = Betriebssystem installiert = 1
M= Mainboard funktioniert = 1
S = Stromausfall = 0
F = Festplatte Funktioniert = 1
A = ( K ˄ N ˄ C ˄ B ˄ M ˄ F) ˄ ¬S

